   0.0000000e+00   8.5065081e-01   5.2573111e-01
   0.0000000e+00  -8.5065081e-01   5.2573111e-01
   0.0000000e+00   8.5065081e-01  -5.2573111e-01
   0.0000000e+00  -8.5065081e-01  -5.2573111e-01
   5.2573111e-01   0.0000000e+00   8.5065081e-01
  -5.2573111e-01   0.0000000e+00   8.5065081e-01
   5.2573111e-01   0.0000000e+00  -8.5065081e-01
  -5.2573111e-01   0.0000000e+00  -8.5065081e-01
   8.5065081e-01   5.2573111e-01   0.0000000e+00
  -8.5065081e-01   5.2573111e-01   0.0000000e+00
   8.5065081e-01  -5.2573111e-01   0.0000000e+00
  -8.5065081e-01  -5.2573111e-01   0.0000000e+00
